City,Climate,HousingCost,HlthCare,Crime,Transp,Educ,Arts,Recreat,Econ,CaseNum,Long,Lat,Pop,StNum
"Abilene,TX",521.0,6200.0,237.0,923.0,4031.0,2757.0,996.0,1405.0,7633.0,1.0,-99.689,32.559,110932.0,44.0
"Akron,OH",575.0,8138.0,1656.0,886.0,4883.0,2438.0,5564.0,2632.0,4350.0,2.0,-81.518,41.085,660328.0,36.0
"Albany,GA",468.0,7339.0,618.0,970.0,2531.0,2560.0,237.0,859.0,5250.0,3.0,-84.158,31.575,112402.0,11.0
"Albany-Schenectady-Troy,NY",476.0,7908.0,1431.0,610.0,6883.0,3399.0,4655.0,1617.0,5864.0,4.0,-73.7983,42.7327,835880.0,35.0
"Albuquerque,NM",659.0,8393.0,1853.0,1483.0,6558.0,3026.0,4496.0,2612.0,5727.0,5.0,-106.65,35.083,419700.0,33.0
"Alexandria,LA",520.0,5819.0,640.0,727.0,2444.0,2972.0,334.0,1018.0,5254.0,6.0,-92.453,31.302,135282.0,19.0
"Allentown,Bethlehem,PA-NJ",559.0,8288.0,621.0,514.0,2881.0,3144.0,2333.0,1117.0,5097.0,7.0,-75.4405,40.6155,635481.0,39.0
"Alton,Granite-City,IL",537.0,6487.0,965.0,706.0,4975.0,2945.0,1487.0,1280.0,5795.0,8.0,-90.1615,38.794,268229.0,15.0
"Altoona,PA",561.0,6191.0,432.0,399.0,4246.0,2778.0,256.0,1210.0,4230.0,9.0,-78.395,40.515,136621.0,39.0
"Amarillo,TX",609.0,6546.0,669.0,1073.0,4902.0,2852.0,1235.0,1109.0,6241.0,10.0,-101.849,35.383,173699.0,44.0
"Anaheim-Santa-Ana,CA",885.0,16047.0,2025.0,983.0,3954.0,2843.0,5632.0,3156.0,6220.0,11.0,-117.889,33.799,1932709.0,5.0
"Anchorage,AK",195.0,12175.0,601.0,1223.0,5091.0,2414.0,2346.0,3000.0,7668.0,12.0,-127.2016,48.88046,174431.0,1.0
"Anderson,IN",530.0,5704.0,580.0,878.0,2865.0,2469.0,430.0,838.0,3370.0,13.0,-85.685,40.167,139336.0,16.0
"Anderson,SC",591.0,5725.0,820.0,975.0,2707.0,2772.0,169.0,613.0,4262.0,14.0,-82.655,34.51,133235.0,41.0
"Ann-Arbor,MI",546.0,11014.0,2508.0,1067.0,3433.0,3346.0,7559.0,2288.0,4579.0,15.0,-83.75,42.283,264748.0,23.0
"Anniston,AL",560.0,5530.0,598.0,1125.0,3051.0,2189.0,268.0,1165.0,4730.0,16.0,-85.827,33.655,119761.0,2.0
"Appleton-Oshkosh-Neenah,WI",396.0,7877.0,833.0,525.0,3298.0,2844.0,1166.0,2315.0,5275.0,17.0,-88.4673,44.158,291369.0,49.0
"Asheville,NC",694.0,6722.0,1204.0,566.0,5086.0,2990.0,1391.0,1542.0,5196.0,18.0,-82.557,35.593,160934.0,28.0
"Athens,GA",601.0,6691.0,605.0,933.0,1866.0,2646.0,3546.0,1001.0,5193.0,19.0,-83.383,33.957,130015.0,11.0
"Atlanta,GA",696.0,8316.0,3195.0,1308.0,8409.0,3057.0,7559.0,1362.0,6315.0,20.0,-84.319,33.763,2138231.0,11.0
"Atlantic-City,NJ",615.0,11074.0,637.0,1878.0,3556.0,2929.0,621.0,2711.0,8107.0,21.0,-74.438,39.367,276385.0,32.0
"Augusta,GA-SC",534.0,6292.0,1798.0,872.0,2523.0,2915.0,1047.0,913.0,5431.0,22.0,-81.967,33.47,345918.0,11.0
"Aurora-Elgin,IL",474.0,10384.0,1203.0,821.0,3943.0,2208.0,3857.0,1800.0,5097.0,23.0,-88.2805,41.8935,315607.0,15.0
"Austin,TX",435.0,8831.0,782.0,1049.0,3670.0,3063.0,5355.0,1063.0,7439.0,24.0,-97.742,30.282,536688.0,44.0
"Bakersfield,CA",560.0,8068.0,420.0,1561.0,3725.0,2564.0,1222.0,1568.0,6056.0,25.0,-119.022,35.375,403089.0,5.0
"Baltimore,MD",567.0,9148.0,3562.0,1730.0,7405.0,3471.0,9788.0,2925.0,5503.0,26.0,-76.617,39.288,2199531.0,21.0
"Bangor,ME",451.0,7277.0,780.0,651.0,5613.0,2934.0,1995.0,2148.0,5172.0,27.0,-68.772,44.802,83919.0,22.0
"Baton-Rouge,LA",427.0,8083.0,342.0,1565.0,3329.0,2635.0,4237.0,1413.0,6308.0,28.0,-91.185,30.45,494151.0,19.0
"Battle-Creek,MI",527.0,6342.0,900.0,1031.0,4652.0,2483.0,354.0,1648.0,4008.0,29.0,-85.182,42.322,141557.0,23.0
"Beaumont-Port-Arthur,TX",423.0,6288.0,616.0,1313.0,2782.0,2745.0,1795.0,1813.0,6019.0,30.0,-94.0125,29.991,375497.0,44.0
"Beaver-County,PA",586.0,7866.0,861.0,310.0,2960.0,2535.0,1284.0,1480.0,3119.0,31.0,-80.315,40.693,204441.0,39.0
"Bellingham,WA",772.0,8329.0,240.0,825.0,3776.0,2778.0,1302.0,3200.0,4247.0,32.0,-122.483,48.763,106701.0,48.0
"Benton-Harbor,MI",566.0,6761.0,570.0,1190.0,2989.0,2545.0,79.0,1477.0,3635.0,33.0,-86.447,42.105,171276.0,23.0
"Bergen-Passaic,NJ",559.0,14607.0,2661.0,857.0,3511.0,3653.0,9304.0,1918.0,6016.0,34.0,-74.059,40.891,1292970.0,32.0
"Billings,MT",452.0,8315.0,479.0,810.0,6285.0,3008.0,778.0,2046.0,5913.0,35.0,-108.505,45.78,108035.0,27.0
"Biloxi-Gulfport,MS",584.0,6458.0,441.0,810.0,2516.0,2592.0,679.0,2106.0,5801.0,36.0,-88.9695,30.3975,182202.0,26.0
"Binghampton,NY",550.0,8257.0,1007.0,415.0,4529.0,3052.0,1599.0,1722.0,5614.0,37.0,-75.913,42.098,263460.0,35.0
"Birmingham,AL",612.0,6811.0,1692.0,1123.0,5177.0,2851.0,3958.0,1234.0,4843.0,38.0,-86.807,33.512,883946.0,2.0
"Bismarck,ND",149.0,8365.0,804.0,413.0,4303.0,2686.0,1211.0,1630.0,6019.0,39.0,-100.778,46.807,79988.0,29.0
"Bloomington,IN",558.0,7056.0,731.0,657.0,1746.0,2873.0,2152.0,1990.0,4829.0,40.0,-86.528,39.165,98785.0,16.0
"Bloomington-Normal,IL",487.0,8654.0,815.0,673.0,5889.0,2854.0,1470.0,1605.0,5863.0,41.0,-88.99,40.495,119149.0,15.0
"Boise-City,ID",592.0,8221.0,453.0,880.0,6575.0,2391.0,2385.0,1672.0,4633.0,42.0,-116.218,43.613,173036.0,14.0
"Boston,MA",623.0,11609.0,5301.0,1215.0,6801.0,3479.0,21042.0,3066.0,6363.0,43.0,-71.058,42.362,2805911.0,20.0
"Boulder-Longmont,CO",459.0,11914.0,962.0,1088.0,7108.0,2587.0,3663.0,4012.0,7127.0,44.0,-105.193,40.0915,189625.0,6.0
"Bradenton,FL",440.0,8242.0,333.0,1093.0,3805.0,2712.0,154.0,1349.0,7437.0,45.0,-82.572,27.495,148442.0,10.0
"Brazoria,TX",423.0,8394.0,438.0,768.0,2391.0,2718.0,1506.0,1512.0,6020.0,46.0,-95.57,29.043,169587.0,44.0
"Bremerton,WA",808.0,9060.0,310.0,651.0,1670.0,2544.0,382.0,1973.0,5671.0,47.0,-122.63,47.567,147152.0,48.0
"Bridgeport-Milford,CT",648.0,13429.0,2550.0,943.0,3197.0,3029.0,8368.0,1913.0,7197.0,48.0,-73.1265,41.2075,438557.0,7.0
"Bristol,CT",516.0,10041.0,975.0,545.0,4495.0,2628.0,514.0,777.0,6527.0,49.0,-72.95,41.673,73762.0,7.0
"Brockton,MA",575.0,8263.0,916.0,1336.0,3810.0,2729.0,2001.0,1217.0,6900.0,50.0,-71.017,42.085,182891.0,20.0
"Brownsville-Harlington,TX",440.0,5376.0,91.0,974.0,3119.0,2413.0,162.0,3000.0,4968.0,51.0,-97.482,25.919,209727.0,44.0
"Bryan-College-Station,TX",383.0,8228.0,640.0,1016.0,2530.0,2973.0,2002.0,1413.0,8040.0,52.0,-96.3575,30.644,93588.0,44.0
"Buffalo,NY",571.0,8064.0,2465.0,971.0,5384.0,3121.0,8567.0,2441.0,5047.0,53.0,-78.875,42.887,1015472.0,35.0
"Burlington,NC",637.0,6179.0,994.0,707.0,1910.0,2519.0,131.0,701.0,5680.0,54.0,-79.433,36.097,99319.0,28.0
"Burlington,VT",383.0,9673.0,1809.0,494.0,7146.0,3323.0,1741.0,3357.0,6726.0,55.0,-73.207,44.475,115308.0,47.0
"Canton,OH",575.0,7332.0,443.0,650.0,4279.0,2754.0,989.0,1157.0,4847.0,56.0,-81.378,40.798,404421.0,36.0
"Casper,WY",401.0,9839.0,345.0,989.0,4410.0,2453.0,303.0,1435.0,6303.0,57.0,-106.313,42.847,71856.0,51.0
"Cedar-Rapids,IA",434.0,7774.0,837.0,714.0,5270.0,2619.0,904.0,1501.0,5009.0,58.0,-91.673,41.975,169775.0,13.0
"Champaign-Urbana-Rantoul,IL",525.0,8627.0,672.0,1022.0,7447.0,3147.0,2203.0,1700.0,5485.0,59.0,-88.1983,40.1817,168392.0,15.0
"Charleston,SC",569.0,7402.0,1463.0,1495.0,4207.0,3164.0,2993.0,2561.0,5153.0,60.0,-79.93,32.763,430462.0,41.0
"Charleston,WV",627.0,7789.0,708.0,721.0,5470.0,2894.0,2605.0,844.0,5257.0,61.0,-81.645,38.368,269595.0,50.0
"Charlotte-Gastonia-Rock-Hill,NC-SC",644.0,7169.0,999.0,1273.0,6099.0,3031.0,4313.0,1236.0,5671.0,62.0,-81.0173,35.137,971391.0,28.0
"Charlottesville,VA",618.0,9531.0,1348.0,756.0,6041.0,3489.0,1422.0,1704.0,6055.0,63.0,-78.507,38.038,113568.0,46.0
"Chattanooga,TN-GA",576.0,6189.0,564.0,946.0,3401.0,2415.0,2483.0,1238.0,4487.0,64.0,-85.31,35.043,426540.0,43.0
"Chicago,IL",514.0,10913.0,5766.0,1034.0,7742.0,3486.0,24846.0,2856.0,5205.0,65.0,-87.625,41.883,6060387.0,15.0
"Chico,CA",603.0,8587.0,243.0,947.0,4067.0,3126.0,1647.0,1543.0,5307.0,66.0,-121.838,39.732,143851.0,5.0
"Cincinnati,OH-KY-IN",584.0,8143.0,2138.0,978.0,5748.0,2918.0,9688.0,2451.0,5270.0,67.0,-84.513,39.1,1401491.0,36.0
"Clarksville-Hopkinsville,TN-KY",544.0,6007.0,446.0,736.0,2226.0,2654.0,111.0,2219.0,4880.0,68.0,-87.418,36.6945,150220.0,43.0
"Cleveland,OH",579.0,9168.0,3167.0,1138.0,7333.0,2972.0,12679.0,3300.0,4879.0,69.0,-81.7,41.497,1898825.0,36.0
"Colorado-Springs,CO",526.0,8509.0,721.0,1086.0,3389.0,2754.0,1749.0,2375.0,7699.0,70.0,-104.82,38.833,309424.0,6.0
"Columbia,MO",541.0,7702.0,1951.0,1065.0,3893.0,2377.0,2882.0,1331.0,5147.0,71.0,-92.33,38.957,100376.0,25.0
"Columbia,SC",526.0,7519.0,1421.0,1524.0,5859.0,2908.0,2489.0,1484.0,5279.0,72.0,-81.045,33.993,410088.0,41.0
"Columbus,GA-AL",517.0,5817.0,833.0,820.0,2995.0,2665.0,1861.0,1214.0,4812.0,73.0,-84.982,32.462,239196.0,11.0
"Columbus,OH",558.0,8093.0,1837.0,1092.0,4364.0,2928.0,6648.0,2020.0,5165.0,74.0,-83.002,39.962,1243833.0,36.0
"Corpus-Christi,TX",362.0,6929.0,458.0,1335.0,3626.0,2840.0,1992.0,2037.0,6690.0,75.0,-97.621,27.776,326228.0,44.0
"Cumberland,MD-WV",591.0,6054.0,760.0,337.0,3709.0,3363.0,373.0,1036.0,4741.0,76.0,-78.763,39.65,107782.0,21.0
"Dallas,TX",544.0,9318.0,2825.0,1529.0,6213.0,3269.0,10438.0,2310.0,7710.0,77.0,-96.812,32.777,1957378.0,44.0
"Danbury,CT",569.0,14420.0,2350.0,548.0,2715.0,3029.0,7415.0,1572.0,7060.0,78.0,-73.46,41.393,170369.0,7.0
"Danville,VA",545.0,5709.0,593.0,379.0,3161.0,2943.0,85.0,501.0,4491.0,79.0,-79.388,36.592,111789.0,46.0
"Davenport-Rock-Island-Moline,IA-IL",440.0,8083.0,1113.0,834.0,3907.0,2901.0,1017.0,1920.0,4997.0,80.0,-90.5493,41.5057,383958.0,15.0
"Dayton-Springfield,OH",544.0,7635.0,2253.0,1151.0,4775.0,2772.0,6935.0,1122.0,4532.0,81.0,-84.0025,39.8385,942083.0,36.0
"Daytona-Beach,FL",561.0,7203.0,723.0,1347.0,4117.0,2612.0,809.0,3967.0,6592.0,82.0,-81.023,29.215,258762.0,10.0
"Decatur,IL",480.0,7395.0,732.0,897.0,3867.0,2683.0,298.0,1222.0,4274.0,83.0,-88.953,39.843,131375.0,15.0
"Denver,CO",521.0,10789.0,2533.0,1365.0,8145.0,3145.0,8477.0,2324.0,7164.0,84.0,-104.988,39.74,1428836.0,6.0
"Des-Moines,IA",444.0,8028.0,1256.0,1044.0,5521.0,2613.0,1857.0,1802.0,5346.0,85.0,-93.618,41.587,367561.0,13.0
"Detroit,MI",536.0,8525.0,4142.0,1587.0,4808.0,3064.0,10389.0,2483.0,3904.0,86.0,-83.128,42.442,4488072.0,23.0
"Dothgan,AL",336.0,5708.0,593.0,930.0,2232.0,2230.0,117.0,714.0,5453.0,87.0,-85.393,31.223,122453.0,2.0
"Dubuque,IA",419.0,7993.0,640.0,571.0,3668.0,2701.0,340.0,1587.0,3949.0,88.0,-90.675,42.503,93745.0,13.0
"Duluth,MN-WI",193.0,6040.0,1159.0,488.0,5205.0,2619.0,2377.0,3107.0,3922.0,89.0,-92.113,46.783,266650.0,24.0
"East-St.-Louis-Belleville,IL",537.0,6501.0,444.0,1096.0,6539.0,2630.0,904.0,1610.0,6113.0,90.0,-89.983,38.512,300148.0,15.0
"Eau-Claire,WI",257.0,7078.0,798.0,433.0,3197.0,2960.0,1807.0,1397.0,5348.0,91.0,-91.471,44.866,130932.0,49.0
"El-Paso,TX",592.0,7343.0,528.0,1323.0,3705.0,2479.0,3800.0,1101.0,5080.0,92.0,-106.48,31.755,479899.0,44.0
"Elkhart-Goshen,IN",521.0,6573.0,596.0,524.0,4168.0,2537.0,353.0,1023.0,4214.0,93.0,-85.9015,41.6385,137330.0,16.0
"Elmira,NY",467.0,7078.0,562.0,582.0,3324.0,3000.0,1048.0,1600.0,4813.0,94.0,-76.807,42.093,97656.0,35.0
"Enid,OK",461.0,6829.0,626.0,845.0,2312.0,2764.0,215.0,1200.0,8268.0,95.0,-97.875,36.395,62820.0,37.0
"Erie,PA",605.0,7715.0,529.0,635.0,5754.0,2641.0,2032.0,1340.0,4299.0,96.0,-80.073,42.113,279780.0,39.0
"Eugene-Springfield,OR",741.0,9370.0,539.0,874.0,5293.0,3118.0,2631.0,3400.0,3045.0,97.0,-122.981,43.952,275226.0,38.0
"Evansville,IN-KY",550.0,6743.0,783.0,864.0,3496.0,2797.0,1876.0,1622.0,5206.0,98.0,-87.575,37.97,276252.0,16.0
"Fall-River,MA-RI",643.0,9017.0,900.0,861.0,4602.0,2439.0,749.0,2005.0,4884.0,99.0,-71.101,41.794,157222.0,20.0
"Fargo-Moorhead,ND-MN",148.0,8168.0,920.0,503.0,6325.0,2506.0,2111.0,1414.0,5594.0,100.0,-96.777,46.8765,137574.0,29.0
"Fayetteville,NC",561.0,6274.0,872.0,1150.0,4402.0,3051.0,844.0,709.0,5255.0,101.0,-78.877,35.055,247160.0,28.0
"Fayettteville-Sprindale,AR",549.0,6686.0,594.0,545.0,3581.0,2334.0,1915.0,1695.0,4631.0,102.0,-94.1505,36.146,100494.0,3.0
"Fitchburg-Leominster,MA",507.0,8252.0,655.0,655.0,2244.0,2799.0,270.0,790.0,5098.0,103.0,-71.7775,42.555,94018.0,20.0
"Flint,MI",540.0,7204.0,724.0,1671.0,4912.0,2511.0,2163.0,1355.0,3724.0,104.0,-83.683,43.022,450449.0,23.0
"Florence,AL",546.0,5962.0,607.0,516.0,1454.0,2427.0,1021.0,994.0,4492.0,105.0,-87.675,34.8,135065.0,2.0
"Florence,SC",552.0,6508.0,818.0,1334.0,4963.0,3109.0,628.0,800.0,4842.0,106.0,-79.768,34.197,110163.0,41.0
"Fort-Collins-Lover=land,CO",490.0,9951.0,731.0,744.0,2637.0,2413.0,1609.0,4200.0,6631.0,107.0,-105.08,40.49,149184.0,6.0
"Fort-Lauderdale-Hollywood-Pompano-Beach,FL",572.0,10810.0,1252.0,1536.0,4186.0,2734.0,2027.0,2455.0,7136.0,108.0,-80.1373,26.121,1018200.0,10.0
"Fort-Myers,FL",342.0,9298.0,546.0,787.0,4583.0,2729.0,380.0,4005.0,7166.0,109.0,-81.873,26.642,205266.0,10.0
"Fort-Pierce,FL",602.0,8842.0,527.0,1422.0,2143.0,3154.0,368.0,2058.0,7973.0,110.0,-80.327,27.447,151196.0,10.0
"Fort-Smith,AR-OK",482.0,5784.0,466.0,663.0,3092.0,2927.0,145.0,1736.0,4849.0,111.0,-94.418,35.385,162813.0,3.0
"Fort-Walton-Beach,FL",536.0,7554.0,484.0,544.0,2886.0,2809.0,87.0,2092.0,6342.0,112.0,-86.651,30.762,109920.0,10.0
"Fort-Wayne,IN",509.0,6733.0,1060.0,710.0,5416.0,2772.0,2846.0,1711.0,4195.0,113.0,-85.142,41.072,354156.0,16.0
"Forth-Arlington,TX",528.0,7956.0,1038.0,1348.0,4472.0,2627.0,6466.0,2366.0,6862.0,114.0,-97.113,32.737,973138.0,44.0
"Fresno,CA",559.0,9291.0,369.0,1483.0,4388.0,2407.0,3596.0,2984.0,5746.0,115.0,-119.783,36.732,514621.0,5.0
"Gadsden,AL",526.0,5382.0,622.0,749.0,2174.0,2299.0,153.0,300.0,4220.0,116.0,-86.018,34.018,103057.0,2.0
"Gainesville,FL",402.0,7388.0,1731.0,1658.0,3527.0,3094.0,3335.0,1237.0,5739.0,117.0,-82.33,29.66,171371.0,10.0
"Galveston-Texas-City,TX",727.0,7767.0,1437.0,1213.0,3423.0,2809.0,1756.0,3000.0,6026.0,118.0,-94.844,29.3475,195940.0,44.0
"Gary-Hammond,IN",483.0,7641.0,1364.0,996.0,5855.0,2526.0,4115.0,1940.0,3826.0,119.0,-87.419,41.615,642781.0,16.0
"Glens-Falls,NY",476.0,7120.0,43.0,568.0,2241.0,2674.0,603.0,1883.0,5166.0,120.0,-73.645,43.31,109649.0,35.0
"Grand-Forks,ND",105.0,7898.0,1109.0,401.0,5587.0,2721.0,1921.0,1304.0,5646.0,121.0,-97.037,47.92,66100.0,29.0
"Grand-Rapids,MI",513.0,7780.0,1274.0,952.0,3454.0,2705.0,3255.0,1909.0,4848.0,122.0,-85.67,42.963,601680.0,23.0
"Great-Falls,MT",410.0,7143.0,667.0,792.0,3747.0,2737.0,401.0,2176.0,4697.0,123.0,-111.285,47.502,80696.0,27.0
"Greeley,CO",490.0,8218.0,706.0,994.0,1641.0,2854.0,1254.0,739.0,5443.0,124.0,-104.693,40.418,123438.0,6.0
"Green-Bay,WI",367.0,8401.0,916.0,583.0,3793.0,2622.0,2547.0,1925.0,5650.0,125.0,-88.007,44.513,175280.0,49.0
"Greensboro-Winston-Salem-High-Point,NC",626.0,7064.0,1694.0,967.0,4453.0,3090.0,4188.0,1651.0,5204.0,126.0,-80.0127,36.0417,851851.0,28.0
"Greenville-Spartanburg,SC",655.0,6336.0,1260.0,1185.0,3950.0,3236.0,2569.0,1410.0,5012.0,127.0,-82.1725,34.895,569066.0,41.0
"Hagerstown,MD",568.0,7763.0,818.0,627.0,3431.0,2990.0,825.0,1491.0,4477.0,128.0,-77.72,39.645,113086.0,21.0
"Hamilton-Middletown,OH",542.0,8227.0,1135.0,892.0,3338.0,2747.0,2316.0,1604.0,4618.0,129.0,-84.481,39.4565,258787.0,36.0
"Harrisburg-Lebanon-Carlisle,PA",556.0,7891.0,2087.0,629.0,6164.0,3224.0,3083.0,1532.0,5322.0,130.0,-76.8343,40.2683,555158.0,39.0
"Hartford,CT",516.0,11652.0,2521.0,1279.0,7120.0,3628.0,3616.0,1790.0,6307.0,131.0,-72.675,41.767,715923.0,7.0
"Hickory,NC",623.0,6760.0,1006.0,765.0,2703.0,2726.0,188.0,797.0,4728.0,132.0,-81.337,35.737,202711.0,28.0
"Honolulu,HI",717.0,17021.0,1298.0,891.0,5911.0,2502.0,7168.0,3703.0,5187.0,133.0,-126.0568,31.7365,762565.0,12.0
"Houma-Thibodaux,LA",427.0,7094.0,583.0,400.0,1145.0,1995.0,725.0,2700.0,6662.0,134.0,-90.77,29.696,176876.0,19.0
"Houston,TX",424.0,9760.0,2467.0,1499.0,4626.0,3271.0,11073.0,1825.0,7464.0,135.0,-95.003,29.834,2735766.0,44.0
"Huntington-Ashland,WV-KY-OH",636.0,6632.0,875.0,665.0,4001.0,2525.0,2195.0,840.0,4383.0,136.0,-82.524,38.435,336410.0,50.0
"Huntsville,AL",600.0,6283.0,685.0,924.0,2661.0,2257.0,1921.0,1075.0,6412.0,137.0,-86.587,34.732,196966.0,2.0
"Indianapolis,IN",557.0,7012.0,2243.0,1000.0,5804.0,2690.0,6348.0,1906.0,5082.0,138.0,-86.155,39.77,1166575.0,16.0
"Iowa-City,IA",434.0,9429.0,2437.0,830.0,2770.0,2842.0,2255.0,1506.0,5165.0,139.0,-91.535,41.662,81717.0,13.0
"Jackson,MI",518.0,6794.0,679.0,1021.0,4800.0,2654.0,323.0,1933.0,3822.0,140.0,-84.4,42.247,151495.0,23.0
"Jackson,MS",412.0,7245.0,1792.0,1091.0,4917.0,3130.0,3209.0,1427.0,5186.0,141.0,-90.195,32.332,362038.0,26.0
"Jacksonville,FL",457.0,6626.0,1181.0,1211.0,5611.0,3048.0,2162.0,2884.0,6139.0,142.0,-81.657,30.33,722252.0,10.0
"Jacksonville,NC",564.0,6111.0,740.0,967.0,1780.0,2646.0,567.0,1177.0,6386.0,143.0,-77.43,34.748,112784.0,28.0
"Janesville-Beloit,WI",466.0,7447.0,700.0,858.0,3092.0,2532.0,1092.0,1615.0,4371.0,144.0,-89.026,42.595,139420.0,49.0
"Jersey-City,NJ",601.0,8810.0,1759.0,1434.0,4982.0,2574.0,7420.0,1001.0,4889.0,145.0,-74.067,40.728,556972.0,32.0
"Johnson-City-Kingsport-Bristol,TN-VA",663.0,6119.0,1152.0,424.0,2532.0,2925.0,1925.0,2155.0,4903.0,146.0,-82.3335,36.5155,433638.0,43.0
"Johnstown,PA",547.0,6524.0,731.0,353.0,4343.0,2691.0,666.0,903.0,4181.0,147.0,-78.92,40.325,264506.0,39.0
"Joliet,IL",479.0,9327.0,1058.0,837.0,4645.0,2868.0,3177.0,1636.0,4631.0,148.0,-88.08,41.527,355042.0,15.0
"Joplin,MO",580.0,5159.0,500.0,628.0,2335.0,2871.0,80.0,801.0,5324.0,149.0,-94.467,37.083,127513.0,25.0
"Kalamazoo,MI",527.0,7919.0,1043.0,1120.0,5419.0,2896.0,2071.0,2163.0,4794.0,150.0,-85.583,42.29,212378.0,23.0
"Kankakee,IL",483.0,7230.0,609.0,976.0,3444.0,2855.0,75.0,1119.0,5579.0,151.0,-87.867,41.117,102926.0,15.0
"Kansas-City,KS",549.0,8126.0,1711.0,1142.0,5006.0,3028.0,1167.0,1045.0,6166.0,152.0,-94.625,39.117,519031.0,17.0
"Kansas-City,MO",549.0,7076.0,1939.0,1468.0,5869.0,2949.0,5553.0,2043.0,4865.0,153.0,-94.543,39.043,914427.0,25.0
"Kenosha,WI",496.0,8516.0,1067.0,911.0,4473.0,2918.0,3844.0,2224.0,5176.0,154.0,-87.823,42.585,123137.0,49.0
"Kileen-Temple,TX",365.0,6463.0,398.0,733.0,2862.0,3167.0,920.0,931.0,6331.0,155.0,-97.534,31.11,214656.0,44.0
"Knoxville,TN",670.0,6692.0,960.0,622.0,4273.0,2761.0,3309.0,2514.0,5537.0,156.0,-83.918,35.968,565970.0,43.0
"Kokomo,IN",512.0,6616.0,596.0,413.0,1817.0,2904.0,285.0,1000.0,3429.0,157.0,-86.133,40.487,103715.0,16.0
"La-Crosse,WI",352.0,8310.0,686.0,676.0,6096.0,3027.0,1466.0,1953.0,5648.0,158.0,-91.237,43.819,91056.0,49.0
"Lafayette,IN",494.0,7778.0,655.0,465.0,4956.0,2945.0,2235.0,1814.0,4333.0,159.0,-86.893,40.42,121702.0,16.0
"Lafayette,LA",429.0,8572.0,548.0,1030.0,5268.0,2305.0,1772.0,1734.0,9702.0,160.0,-92.02,30.225,190231.0,19.0
"Lake-Charles,LA",469.0,6921.0,314.0,1093.0,3549.0,2336.0,1456.0,1855.0,5872.0,161.0,-93.217,30.228,167223.0,19.0
"Lake-County,IL",514.0,13282.0,1237.0,822.0,3422.0,2607.0,3746.0,2435.0,5755.0,162.0,-88.618,39.636,440372.0,15.0
"Lakeland-Winter-Haven,FL",307.0,6680.0,323.0,1373.0,3412.0,2998.0,309.0,2513.0,5594.0,163.0,-81.8425,28.0325,321652.0,10.0
"Lancaster,PA",559.0,8631.0,1111.0,413.0,3908.0,3097.0,1015.0,1147.0,5120.0,164.0,-76.308,40.037,362346.0,39.0
"Lansing-East-Lansing,MI",480.0,7907.0,1371.0,894.0,5557.0,2891.0,4206.0,1609.0,4747.0,165.0,-84.4295,42.67,419750.0,23.0
"Laredo,TX",424.0,6152.0,465.0,1050.0,3322.0,2827.0,150.0,702.0,5264.0,166.0,-99.503,27.507,99258.0,44.0
"Las-Cruces,NM",552.0,6962.0,588.0,1457.0,2989.0,2736.0,2804.0,1609.0,5341.0,167.0,-106.778,32.312,96340.0,33.0
"Las-Vegas,NV",556.0,9906.0,412.0,1913.0,5900.0,2241.0,1586.0,3996.0,6035.0,168.0,-115.147,36.172,463087.0,34.0
"Lawrence,KS",513.0,7497.0,621.0,1018.0,2931.0,2700.0,3150.0,1752.0,4573.0,169.0,-95.238,38.963,67640.0,17.0
"Lawrence-Haverhill,MA-NH",548.0,10414.0,1202.0,909.0,3575.0,2479.0,2111.0,1879.0,6527.0,170.0,-71.439,43.1757,339090.0,20.0
"Lawton,OK",479.0,5850.0,477.0,1156.0,2366.0,2375.0,1280.0,1757.0,6105.0,171.0,-98.412,34.612,112456.0,37.0
"Lewiston-Auburn,ME",490.0,6876.0,759.0,764.0,2941.0,2694.0,736.0,1853.0,4444.0,172.0,-70.223,44.097,84690.0,22.0
"Lexington-Fayette,KY",635.0,8340.0,1860.0,1055.0,4080.0,2861.0,3596.0,1403.0,6245.0,173.0,-84.497,38.048,317629.0,18.0
"Lima,OH",522.0,6986.0,741.0,855.0,4084.0,2629.0,1352.0,1428.0,4313.0,174.0,-84.105,40.735,154795.0,36.0
"Lincoln,NE",398.0,8256.0,775.0,789.0,5618.0,2878.0,4523.0,1804.0,4908.0,175.0,-96.685,40.823,192884.0,30.0
"Little-Rock,North-Little-Rock,AR",497.0,7270.0,1861.0,1328.0,4186.0,2581.0,2180.0,1462.0,5273.0,176.0,-92.2725,34.751,474484.0,3.0
"Longview-Marshall,TX",500.0,6608.0,509.0,976.0,2680.0,2816.0,334.0,834.0,6898.0,177.0,-94.558,32.521,151752.0,44.0
"Lorain-Elyria,OH",579.0,8309.0,1105.0,609.0,3629.0,2582.0,2565.0,1602.0,3301.0,178.0,-82.144,41.415,274909.0,36.0
"Los-Angeles,Long-Beach,CA",885.0,13868.0,5153.0,1960.0,4345.0,3195.0,23567.0,3948.0,5316.0,179.0,-118.217,33.9165,7477503.0,5.0
"Louisville,KY-IN",616.0,6812.0,2111.0,937.0,5420.0,3028.0,4916.0,1942.0,5402.0,180.0,-85.762,38.247,956756.0,18.0
"Lowell,MA-NH",526.0,9640.0,1083.0,819.0,3820.0,2479.0,3057.0,1129.0,6651.0,181.0,-71.313,42.637,243142.0,20.0
"Lubbock,TX",604.0,6990.0,900.0,1608.0,4158.0,2545.0,3402.0,1702.0,5923.0,182.0,-101.843,33.583,211651.0,44.0
"Lynchburg,VA",642.0,6934.0,732.0,643.0,4909.0,2803.0,1079.0,1439.0,4926.0,183.0,-79.143,37.415,141289.0,46.0
"Macon,Warner-Robbins,GA",447.0,6235.0,593.0,783.0,3144.0,2651.0,1435.0,1204.0,5659.0,184.0,-83.635,32.842,263591.0,11.0
"Madison,WI",378.0,9897.0,2168.0,779.0,6084.0,3047.0,5123.0,1944.0,5448.0,185.0,-89.393,43.07,323545.0,49.0
"Manchester,NH",404.0,9860.0,737.0,633.0,4595.0,2728.0,475.0,837.0,7101.0,186.0,-71.462,42.995,129305.0,31.0
"Mansfield,OH",558.0,6881.0,303.0,1072.0,2876.0,2871.0,554.0,1133.0,4386.0,187.0,-82.517,40.758,131205.0,36.0
"McAllen-Edinburg-Mission,TX",238.0,5345.0,372.0,836.0,2117.0,2644.0,1231.0,1059.0,5739.0,188.0,-98.2435,26.2585,283229.0,44.0
"Medford,OR",611.0,9008.0,256.0,728.0,3512.0,2797.0,1856.0,1416.0,3692.0,189.0,-122.867,42.323,132456.0,38.0
"Melbourne-Titusville-Palm-Bay,FL",582.0,8721.0,517.0,1039.0,2560.0,2814.0,437.0,3800.0,7089.0,190.0,-80.6687,28.2447,272959.0,10.0
"Memphis,TN-AR-MS",514.0,7015.0,2043.0,1488.0,6247.0,2804.0,4486.0,1994.0,5160.0,191.0,-90.057,35.125,913472.0,43.0
"Miami-Hialeah,FL",634.0,10267.0,2314.0,2459.0,5202.0,2879.0,4837.0,4300.0,5840.0,192.0,-80.2185,25.6465,1625781.0,10.0
"Middlesex-Somerset,Hunterdon,NJ",559.0,12135.0,2589.0,691.0,4198.0,3539.0,8058.0,1596.0,6324.0,193.0,-74.503,40.58,886383.0,32.0
"Middletown,CT",593.0,11652.0,884.0,646.0,4636.0,3128.0,730.0,1682.0,6307.0,194.0,-72.655,41.562,81582.0,7.0
"Midland,TX",603.0,8672.0,97.0,1166.0,5310.0,2416.0,438.0,1502.0,9980.0,195.0,-102.078,31.995,82636.0,44.0
"Milwaukee,WI",460.0,10176.0,3053.0,826.0,4945.0,3044.0,8766.0,2902.0,4982.0,196.0,-87.982,43.033,1397143.0,49.0
"Minneapolis-St.-Paul,MN-WI",293.0,9559.0,3934.0,906.0,5606.0,3013.0,11714.0,2158.0,5843.0,197.0,-93.179,44.965,2137133.0,24.0
"Mobile,AL",442.0,6704.0,1469.0,1511.0,3345.0,2779.0,1764.0,2164.0,4565.0,198.0,-88.043,30.688,443536.0,2.0
"Modesto,CA",639.0,8630.0,347.0,1154.0,2000.0,2616.0,631.0,833.0,5107.0,199.0,-121.002,37.643,265900.0,5.0
"Monmouth-Ocean,NJ",615.0,11660.0,2482.0,819.0,2690.0,2787.0,7563.0,3544.0,6154.0,200.0,-74.075,40.352,849211.0,32.0
"Monroe,LA",455.0,6190.0,331.0,957.0,3606.0,2453.0,1528.0,1541.0,5537.0,201.0,-92.117,32.5,139241.0,19.0
"Montgomery,AL",483.0,6754.0,832.0,815.0,3509.0,2388.0,1374.0,1112.0,4892.0,202.0,-86.308,32.382,272687.0,2.0
"Muncie,IN",530.0,5800.0,949.0,783.0,4325.0,2965.0,2498.0,1428.0,3980.0,203.0,-85.387,40.192,128587.0,16.0
"Muskegon,MI",580.0,6391.0,699.0,1537.0,3353.0,2630.0,529.0,2666.0,3708.0,204.0,-86.26,43.228,157589.0,23.0
"Nashua,NH",538.0,10757.0,853.0,452.0,3320.0,2728.0,2122.0,1523.0,6962.0,205.0,-71.462,42.757,142527.0,31.0
"Nashville,TN",600.0,7800.0,1850.0,984.0,5030.0,2763.0,4342.0,1849.0,5938.0,206.0,-86.764,36.161,850505.0,43.0
"Nassua-Suffolk,NY",656.0,11138.0,3919.0,566.0,2119.0,3234.0,8640.0,3705.0,7371.0,207.0,-73.375,40.678,2605813.0,35.0
"New-Bedsford,MA",643.0,8087.0,519.0,1012.0,3219.0,2439.0,766.0,1450.0,4937.0,208.0,-70.93,41.637,166699.0,20.0
"New-Britain,CT",516.0,10509.0,1245.0,903.0,4900.0,3128.0,1360.0,1217.0,6470.0,209.0,-72.783,41.668,142241.0,7.0
"New-Haven-Meriden,CT",583.0,11460.0,2068.0,893.0,5938.0,3495.0,7852.0,1604.0,5478.0,210.0,-72.851,41.4185,500474.0,7.0
"New-London-Norwich,CT-RI",583.0,10218.0,556.0,633.0,4505.0,3244.0,1164.0,2281.0,6672.0,211.0,-72.095,41.443,250839.0,7.0
"New-Orleans,LA",498.0,8515.0,2586.0,1604.0,4579.0,2995.0,7978.0,3500.0,6453.0,212.0,-90.063,29.963,1256256.0,19.0
"New-York,NY",638.0,13358.0,7850.0,2498.0,8625.0,2984.0,56745.0,3579.0,5338.0,213.0,-73.88,40.849,8274961.0,35.0
"Newark,NJ",601.0,14220.0,4106.0,1461.0,3514.0,3362.0,14224.0,1818.0,5690.0,214.0,-74.172,40.737,1878959.0,32.0
"Niagara-Falls,NY",554.0,7686.0,507.0,775.0,5561.0,2538.0,966.0,1873.0,4463.0,215.0,-79.057,43.097,227354.0,35.0
"Norfolk-Virginia-Beach-Newport-News,VA",632.0,8568.0,1932.0,997.0,3215.0,3014.0,7087.0,2964.0,5866.0,216.0,-76.2267,36.8897,1160311.0,46.0
"Norwalk,CT",648.0,20151.0,2530.0,625.0,3536.0,3029.0,7273.0,2268.0,6432.0,217.0,-73.365,41.123,126692.0,7.0
"Oakland,CA",910.0,13135.0,2362.0,1533.0,6430.0,2646.0,6162.0,2394.0,5457.0,218.0,-122.268,37.808,1761759.0,5.0
"Ocala,FL",333.0,6750.0,489.0,1327.0,3798.0,2864.0,266.0,3095.0,7060.0,219.0,-82.135,29.185,122488.0,10.0
"Odessa,TX",603.0,6689.0,384.0,1698.0,1944.0,2721.0,259.0,900.0,7565.0,220.0,-102.375,31.858,115374.0,44.0
"Oklahoma-City,OK",554.0,7186.0,1623.0,1297.0,4459.0,2908.0,4843.0,1742.0,8119.0,221.0,-97.304,35.296,860969.0,37.0
"Olympia,WA",726.0,8263.0,338.0,752.0,4083.0,2625.0,708.0,1451.0,4912.0,222.0,-122.89,47.045,124264.0,48.0
"Omaha,NE-IA",440.0,7128.0,2559.0,1008.0,5806.0,3069.0,3787.0,1977.0,5853.0,223.0,-96.008,41.283,585122.0,30.0
"Orange-County,NY",509.0,10173.0,1574.0,804.0,3299.0,2754.0,6987.0,1866.0,5822.0,224.0,-74.413,41.453,259603.0,35.0
"Orlando,FL",457.0,8196.0,765.0,1671.0,5887.0,2976.0,2681.0,2881.0,7413.0,225.0,-81.377,28.553,700055.0,10.0
"Owensboro,KY",524.0,6760.0,812.0,568.0,2273.0,2491.0,804.0,852.0,6062.0,226.0,-87.113,37.768,85949.0,18.0
"Oxnard-Ventura,CA",890.0,14000.0,1106.0,791.0,2238.0,2155.0,2769.0,2135.0,5514.0,227.0,-119.203,34.2375,529174.0,5.0
"Panama-City,FL",536.0,6373.0,201.0,1344.0,2778.0,2500.0,755.0,2089.0,6083.0,228.0,-85.697,30.269,97740.0,10.0
"Parkerburg-Marietta,WV-OH",617.0,6657.0,665.0,488.0,4399.0,2503.0,91.0,1148.0,5187.0,229.0,-81.45,39.413,157914.0,36.0
"Pascagoula,MS",584.0,6248.0,593.0,591.0,1750.0,1701.0,155.0,1956.0,4491.0,230.0,-88.549,30.368,118015.0,26.0
"Pawtucket-Woonsocket-Attleboro,RI-MA",586.0,9462.0,1117.0,744.0,4738.0,3058.0,480.0,1513.0,5154.0,231.0,-71.3953,41.9433,307403.0,40.0
"Pensacola,FL",536.0,6479.0,563.0,1472.0,2918.0,2914.0,1954.0,2160.0,6029.0,232.0,-87.406,30.661,289782.0,10.0
"Peoria,IL",491.0,8388.0,1184.0,921.0,2967.0,2452.0,2294.0,1688.0,4073.0,233.0,-89.592,40.693,365864.0,15.0
"Philadelphia,PA-NJ",630.0,8310.0,5158.0,1059.0,5903.0,3781.0,17270.0,1979.0,5638.0,234.0,-75.163,39.95,4716818.0,39.0
"Phoenix,AZ",536.0,8921.0,1584.0,1268.0,4729.0,2942.0,4573.0,2472.0,6415.0,235.0,-112.073,33.455,1509052.0,4.0
"Pine-Bluff,AR",463.0,5674.0,617.0,1169.0,1671.0,2554.0,373.0,793.0,4247.0,236.0,-92.017,34.223,90718.0,3.0
"Pittsburgh,PA",586.0,8099.0,3413.0,687.0,5616.0,3544.0,11069.0,2145.0,5261.0,237.0,-80.008,40.437,2218870.0,39.0
"Pittsfield,MA",482.0,7807.0,694.0,638.0,3759.0,3264.0,228.0,1420.0,5483.0,238.0,-73.253,42.447,83490.0,20.0
"Portland,ME",483.0,8100.0,834.0,823.0,5185.0,2973.0,2351.0,3366.0,6186.0,239.0,-70.23,43.678,193831.0,22.0
"Portland,OR",768.0,9912.0,1590.0,1504.0,5947.0,3343.0,5160.0,2532.0,4535.0,240.0,-122.365,45.547,1105699.0,38.0
"Portsmouth-Dover-Rochester,NH-ME",469.0,9966.0,596.0,475.0,2321.0,3026.0,165.0,1390.0,8367.0,241.0,-70.8707,43.19,190938.0,31.0
"Poughkeepsie,NY",488.0,9981.0,355.0,633.0,4166.0,2898.0,785.0,1670.0,6746.0,242.0,-73.93,41.702,245055.0,35.0
"Providence,RI",586.0,9274.0,2467.0,998.0,5474.0,3558.0,6152.0,2263.0,5154.0,243.0,-71.407,41.817,618514.0,40.0
"Provo-Orem,UT",500.0,9321.0,198.0,485.0,4546.0,2618.0,1985.0,3300.0,3459.0,244.0,-111.678,40.2725,218106.0,45.0
"Pueblo,CO",497.0,6637.0,468.0,1181.0,3501.0,2653.0,1307.0,1619.0,4646.0,245.0,-104.605,38.24,125972.0,6.0
"Racine,WI",496.0,8943.0,931.0,1055.0,3558.0,2732.0,1171.0,2016.0,4415.0,246.0,-87.8,42.727,173132.0,49.0
"Raleigh-Durham,NC",647.0,8230.0,3476.0,981.0,6544.0,3455.0,5730.0,1606.0,6405.0,247.0,-78.765,35.8845,561222.0,28.0
"Reading,PA",614.0,7614.0,1154.0,522.0,3120.0,3028.0,1108.0,1549.0,5587.0,248.0,-75.928,40.328,312509.0,39.0
"Redding,CA",664.0,8584.0,274.0,892.0,5727.0,2471.0,845.0,2424.0,4459.0,249.0,-122.4,40.582,115715.0,5.0
"Reno,NV",535.0,12449.0,615.0,1116.0,6767.0,2529.0,2210.0,2386.0,5677.0,250.0,-119.807,39.523,193623.0,34.0
"Richland-Kinnewick-Pasco,WA",664.0,8461.0,300.0,779.0,4714.0,1728.0,529.0,1204.0,5326.0,251.0,-119.195,46.259,144469.0,48.0
"Richmond-Petersburg,VA",585.0,8343.0,2448.0,1076.0,6680.0,2940.0,5697.0,1943.0,5870.0,252.0,-77.4255,37.385,761311.0,46.0
"Riverside-San-Bernardino,CA",615.0,9754.0,2201.0,1475.0,3141.0,2596.0,5327.0,1918.0,4923.0,253.0,-117.338,34.044,1558182.0,5.0
"Roanoke,VA",652.0,7476.0,1036.0,784.0,3872.0,2723.0,1263.0,2036.0,5287.0,254.0,-79.937,37.273,220393.0,46.0
"Rochester,MN",308.0,9193.0,2966.0,437.0,4399.0,2134.0,769.0,1503.0,6099.0,255.0,-92.463,44.023,92006.0,24.0
"Rochester,NY",536.0,8609.0,1969.0,894.0,5165.0,3582.0,6956.0,2659.0,6304.0,256.0,-77.608,43.158,971230.0,35.0
"Rockford,IL",466.0,7584.0,969.0,1156.0,2987.0,2680.0,1026.0,933.0,4592.0,257.0,-89.098,42.268,279514.0,15.0
"Sacramento,CA",576.0,9855.0,1027.0,1363.0,5097.0,2793.0,4483.0,2306.0,5309.0,258.0,-121.49,38.585,1099814.0,5.0
"Saginaw-Bay-City-Midland,MI",515.0,7368.0,1022.0,1068.0,3186.0,2772.0,1708.0,2059.0,3709.0,259.0,-84.018,43.5513,421518.0,23.0
"St.-Cloud,MN",195.0,7235.0,603.0,343.0,4565.0,2502.0,1871.0,1572.0,5488.0,260.0,-94.162,45.566,163256.0,24.0
"St.-Joseph,MO",475.0,5589.0,223.0,969.0,2689.0,2927.0,879.0,1265.0,5991.0,261.0,-94.838,39.767,87888.0,25.0
"St.-Louis,MO-IL",537.0,7605.0,2850.0,1306.0,7119.0,3530.0,8896.0,2243.0,5800.0,262.0,-90.193,38.617,1808621.0,25.0
"Salem,OR",716.0,8378.0,749.0,1014.0,4732.0,3278.0,691.0,1873.0,3835.0,263.0,-123.028,44.917,249895.0,38.0
"Salem-Glouster,MA",644.0,11622.0,1232.0,490.0,3459.0,2729.0,3276.0,2234.0,6309.0,264.0,-70.7815,42.5755,258175.0,20.0
"Salinas-Seaside-Monterey,CA",843.0,13838.0,352.0,1107.0,4160.0,2439.0,1004.0,3179.0,5656.0,265.0,-121.801,36.6343,290444.0,5.0
"Salt-Lake-City-Ogden,UT",541.0,9466.0,1631.0,969.0,6228.0,2340.0,5528.0,3900.0,4942.0,266.0,-111.935,40.8825,910222.0,45.0
"San-Angelo,TX",488.0,6321.0,236.0,1032.0,2938.0,2707.0,1301.0,1136.0,7720.0,267.0,-100.437,31.463,84784.0,44.0
"San-Antonio,TX",398.0,6898.0,1337.0,1197.0,5387.0,2938.0,4295.0,1509.0,6873.0,268.0,-98.495,29.423,1071954.0,44.0
"San-Diego,CA",903.0,14465.0,2416.0,1099.0,5489.0,2794.0,8818.0,3347.0,5489.0,269.0,-117.153,32.713,1861846.0,5.0
"San-Francisco,CA",910.0,17158.0,3726.0,1619.0,8299.0,3371.0,14226.0,4600.0,6063.0,270.0,-122.417,37.775,1488871.0,5.0
"San-Jose,CA",850.0,16048.0,2117.0,1065.0,5224.0,2709.0,6446.0,1964.0,7270.0,271.0,-121.883,37.335,1295071.0,5.0
"Santa-Barbara-Santa-Maria-Lompoc,CA",855.0,15547.0,532.0,1026.0,5662.0,2719.0,2684.0,3300.0,5821.0,272.0,-120.196,34.6707,298694.0,5.0
"Santa-Cruz,CA",843.0,14303.0,1035.0,964.0,5010.0,2611.0,3748.0,1703.0,5335.0,273.0,-122.022,36.972,188141.0,5.0
"Santa-Rosa-Petaluma,CA",732.0,12931.0,1052.0,912.0,3313.0,2722.0,3457.0,2255.0,5703.0,274.0,-122.679,38.3375,299681.0,5.0
"Sarasota,FL",391.0,9560.0,801.0,939.0,3742.0,2626.0,817.0,2535.0,7715.0,275.0,-82.532,27.337,202251.0,10.0
"Savannah,GA",542.0,6896.0,1084.0,1614.0,5958.0,2456.0,2262.0,2237.0,5591.0,276.0,-81.093,32.077,220553.0,11.0
"Scranton-Wilkes-Barre,PA",575.0,6697.0,1219.0,372.0,3683.0,3230.0,1832.0,1386.0,4907.0,277.0,-75.7755,41.3275,728796.0,39.0
"Seattle,WA",808.0,10183.0,2715.0,1170.0,6634.0,2710.0,9577.0,4800.0,5901.0,278.0,-122.33,47.597,1607469.0,48.0
"Sharon,PA",570.0,6697.0,700.0,384.0,2017.0,3022.0,52.0,1100.0,4055.0,279.0,-80.517,41.233,128299.0,39.0
"Sheboygan,WI",442.0,8121.0,593.0,450.0,3458.0,2557.0,268.0,1316.0,4765.0,280.0,-87.748,43.76,100935.0,49.0
"Sherman-Denison,TX",524.0,5722.0,394.0,1035.0,1922.0,2652.0,68.0,937.0,6213.0,281.0,-96.576,33.695,89796.0,44.0
"Shreveport,LA",508.0,6534.0,1445.0,1197.0,4401.0,2858.0,2826.0,1389.0,6585.0,282.0,-93.758,32.49,333079.0,19.0
"Sioux-City,IA-NE",385.0,6528.0,846.0,759.0,4316.0,2673.0,1393.0,1359.0,4648.0,283.0,-96.392,42.492,117457.0,13.0
"Sioux-Falls,SD",276.0,7983.0,1041.0,556.0,6271.0,2651.0,465.0,1324.0,5204.0,284.0,-96.702,43.495,109435.0,42.0
"South-Bend-Mishawaka,IN",545.0,5938.0,830.0,1038.0,5634.0,2874.0,2672.0,1819.0,5056.0,285.0,-86.215,41.669,241617.0,16.0
"Spokane,WA",574.0,6927.0,497.0,869.0,5534.0,2774.0,2988.0,1517.0,4722.0,286.0,-117.405,47.672,341835.0,48.0
"Springfield,IL",524.0,7882.0,1877.0,1225.0,6172.0,3078.0,1983.0,1536.0,5384.0,287.0,-89.648,39.8,187789.0,15.0
"Springfield,MA",453.0,8039.0,710.0,1212.0,6159.0,3525.0,3466.0,1514.0,5289.0,288.0,-72.588,42.1,515259.0,20.0
"Springfield,MO",544.0,6343.0,577.0,892.0,3828.0,2709.0,1634.0,1737.0,5932.0,289.0,-93.29,37.22,207704.0,25.0
"Stamford,CT",648.0,23640.0,2610.0,835.0,3110.0,3029.0,7865.0,1729.0,6158.0,290.0,-73.54,41.053,198854.0,7.0
"State-College,PA",575.0,8405.0,612.0,540.0,2740.0,3169.0,1271.0,1200.0,4677.0,291.0,-77.867,40.792,112760.0,39.0
"Steubenville-Weirton,OH-WV",542.0,6578.0,505.0,418.0,1532.0,2672.0,147.0,1460.0,3744.0,292.0,-80.597,40.376,163099.0,36.0
"Stockton,CA",625.0,8474.0,342.0,1395.0,4427.0,2155.0,1579.0,1630.0,5672.0,293.0,-121.285,37.958,347342.0,5.0
"Syracuse,NY",548.0,7670.0,1040.0,689.0,6951.0,3144.0,5080.0,2851.0,4474.0,294.0,-76.15,43.052,642971.0,35.0
"Tacoma,WA",808.0,7770.0,539.0,1162.0,4730.0,2546.0,4297.0,4000.0,4887.0,295.0,-122.433,47.237,485643.0,48.0
"Tallahassee,FL",404.0,8029.0,370.0,1161.0,5530.0,2790.0,2181.0,1936.0,6021.0,296.0,-84.282,30.445,190220.0,10.0
"Tampa-St.-Petersburg-Clearwater,FL",440.0,7442.0,1189.0,1493.0,5588.0,3044.0,5040.0,2943.0,7256.0,297.0,-82.664,27.955,1613603.0,10.0
"Terre-Haute,IN",557.0,5527.0,453.0,630.0,3550.0,3012.0,1226.0,1401.0,4353.0,298.0,-87.408,39.467,137247.0,16.0
"Texarkana,TX-Texarkana,AR",467.0,5717.0,343.0,822.0,2537.0,2899.0,63.0,669.0,4772.0,299.0,-94.0525,33.4325,113067.0,44.0
"Toledo,OH",518.0,7767.0,1738.0,998.0,5323.0,2852.0,4389.0,1952.0,4534.0,300.0,-83.528,41.591,616864.0,36.0
"Topeka,KS",501.0,7110.0,1148.0,999.0,5348.0,2795.0,1632.0,1141.0,5464.0,301.0,-95.67,39.052,154916.0,17.0
"Trenton,NJ",636.0,10616.0,1372.0,1181.0,4786.0,3311.0,5029.0,1646.0,5772.0,302.0,-74.767,40.225,307863.0,32.0
"Tuscon,AZ",589.0,8548.0,1259.0,1400.0,4397.0,2685.0,4889.0,3131.0,6147.0,303.0,-110.968,32.217,531443.0,4.0
"Tulsa,OK",530.0,7498.0,1581.0,1080.0,3758.0,2628.0,4248.0,2024.0,7115.0,304.0,-95.902,36.16,657173.0,37.0
"Tuscaloosa,AL",470.0,6464.0,674.0,1014.0,4723.0,2390.0,1432.0,1090.0,4900.0,305.0,-87.567,33.205,137541.0,2.0
"Tyler,TX",500.0,7298.0,672.0,955.0,3460.0,3283.0,404.0,631.0,7327.0,306.0,-95.302,32.345,128366.0,44.0
"Utica-Rome,NY",548.0,6744.0,391.0,400.0,4592.0,2970.0,858.0,1750.0,5226.0,307.0,-75.341,43.1585,320180.0,35.0
"Vallejo-Fairfield-Napa,CA",821.0,10503.0,1079.0,964.0,4153.0,2498.0,2962.0,1559.0,5819.0,308.0,-122.194,38.22,334402.0,5.0
"Vancouver,WA",768.0,9015.0,517.0,752.0,3817.0,2332.0,1557.0,1464.0,4571.0,309.0,-122.67,45.625,192227.0,48.0
"Victoria,TX",336.0,7143.0,260.0,1092.0,2407.0,2696.0,87.0,1410.0,7599.0,310.0,-97.005,28.805,68807.0,44.0
"Vineland-Millville-Bridgeton,NJ",615.0,7295.0,807.0,1135.0,4133.0,2747.0,2097.0,1474.0,5023.0,311.0,-75.0993,39.4377,132866.0,32.0
"Visalia-Tulare-Porterville,CA",543.0,7778.0,210.0,1132.0,3094.0,2128.0,511.0,2800.0,5563.0,312.0,-119.219,36.2043,245738.0,5.0
"Waco,TX",412.0,6106.0,538.0,1166.0,3018.0,2867.0,1141.0,1248.0,6259.0,313.0,-97.142,31.547,170755.0,44.0
"Washington,DC-MD-VA",631.0,13724.0,4361.0,1317.0,8236.0,3635.0,21701.0,1578.0,6072.0,314.0,-77.033,38.892,3250822.0,8.0
"Materbury,CT",569.0,10024.0,1218.0,789.0,2434.0,2995.0,318.0,946.0,5656.0,315.0,-73.048,41.41,204968.0,7.0
"Waterloo-Cedar-Falls,IA",347.0,7881.0,925.0,700.0,3351.0,2889.0,3000.0,1900.0,4407.0,316.0,-92.397,42.51,162781.0,13.0
"Wausau,WI",308.0,7642.0,818.0,442.0,3496.0,2749.0,761.0,1654.0,4300.0,317.0,-89.64,44.96,111270.0,49.0
"West-Palm-Beach-Boca-Raton-Delray-Beach,FL",509.0,10512.0,375.0,1783.0,5201.0,3224.0,2888.0,3772.0,7992.0,318.0,-80.2177,26.6553,576863.0,10.0
"Wheeling,WV-OH",542.0,6576.0,791.0,308.0,2450.0,3002.0,422.0,1271.0,4740.0,319.0,-80.723,40.07,185566.0,50.0
"Wichita,KS",494.0,7061.0,806.0,1164.0,3933.0,2981.0,2987.0,1508.0,6036.0,320.0,-97.337,37.692,411313.0,17.0
"Wichita-Falls,TX",456.0,6404.0,549.0,1179.0,2793.0,2747.0,599.0,1126.0,6805.0,321.0,-98.513,33.91,121082.0,44.0
"Williamsport,PA",558.0,7284.0,860.0,464.0,3097.0,2906.0,196.0,726.0,3288.0,322.0,-77.003,41.245,118416.0,39.0
"Wilmington,DE-NJ-MD",597.0,7927.0,1445.0,1115.0,4532.0,3112.0,4545.0,1923.0,6174.0,323.0,-75.55,39.747,523221.0,9.0
"Wilmington,NC",564.0,6858.0,1099.0,1423.0,2904.0,2876.0,1077.0,2668.0,5390.0,324.0,-77.923,34.237,103471.0,28.0
"Worcester,MA",562.0,8715.0,1805.0,680.0,3643.0,3299.0,1784.0,910.0,5040.0,325.0,-71.795,42.272,402918.0,20.0
"Yakima,WA",535.0,6440.0,317.0,1106.0,3731.0,2491.0,996.0,2140.0,4986.0,326.0,-120.513,46.595,172508.0,48.0
"York,PA",540.0,8371.0,713.0,440.0,2267.0,2903.0,1022.0,842.0,4946.0,327.0,-76.728,39.96,381255.0,39.0
"Youngstown-Warren,OH",570.0,7021.0,1097.0,938.0,3374.0,2920.0,2797.0,1327.0,3894.0,328.0,-80.729,41.17,531350.0,36.0
"Yuba-City,CA",608.0,7875.0,212.0,1179.0,2768.0,2387.0,122.0,918.0,4694.0,329.0,-121.622,39.128,101979.0,5.0
